<?xml version="1.0"?>
<opencv_storage>
<RightH type_id="opencv-matrix">
  <rows>3</rows>
  <cols>3</cols>
  <dt>d</dt>
  <data>
    -3.7544334149035530e-001 -1.8252729053068841e+000
    3.4346135529503562e+002 -1.3679272868111275e-001
    -2.7839345494879666e+000 5.8780218514751346e+002
    1.5017232372422501e-005 -5.6043560963188865e-003 1.</data></RightH>
<LeftH type_id="opencv-matrix">
  <rows>3</rows>
  <cols>3</cols>
  <dt>d</dt>
  <data>
    -3.2731275304847829e-001 -1.2965847752764015e+000
    4.2257928614366085e+002 -2.6817087989911337e-002
    -2.1371325032842488e+000 4.7861286933486116e+002
    -3.1445360033346558e-004 -4.3785385487613241e-003 1.</data></LeftH>
</opencv_storage>
