<?xml version="1.0"?>
<opencv_storage>
<R_pts_obj>
  191. 241. 333. 212. 408. 271. 186. 335.</R_pts_obj>
<R_pts_dst>
  320. 1.86800003e+002 570. 1.86800003e+002 570. 390. 320. 390.</R_pts_dst>
<L_pts_obj>
  315. 227. 458. 255. 467. 350. 240. 288.</L_pts_obj>
<L_pts_dst>
  70. 1.86800003e+002 320. 1.86800003e+002 320. 390. 70. 390.</L_pts_dst>
</opencv_storage>
